3,0.107926
6,0.789243
19,0.109569
21,0.008307
24,0.661292
34,0.441369
44,0.117604
50,0.337778
55,1.114154
56,0.022401
60,0.764796
61,0.398698
66,0.222426
70,0.014144
80,0.022333
89,0.301092
99,0.590006
144,0.076522
150,0.167877
176,0.163479
185,0.219558
193,0.248594
199,0.836114
211,0.097767
215,0.165544
217,0.869374
221,0.503743
233,2.300167
235,0.356756
237,0.606843
240,0.339312
241,0.325339
246,0.306268
250,0.373120
261,0.421867
265,0.351630
273,0.058608
276,0.188221
280,0.465665
288,0.109497
298,0.800950
303,0.216783
314,0.320475
320,0.011066
326,0.572342
341,0.180418
345,0.198583
349,0.161894
355,0.038482
356,0.277303
364,0.314546
370,0.355404
371,0.966956
372,0.020885
379,0.031638
388,0.199882
390,0.263698
401,0.482127
407,0.741963
408,0.130942
423,0.517736
424,0.179474
428,2.489842
435,0.915488
451,0.527520
461,0.136191
463,0.568250
469,0.284545
479,0.215914
484,0.271873
489,0.394869
490,0.056056
498,0.111460
500,0.347390
506,0.534438
517,2.903308
522,0.682436
532,0.557362
539,0.170428
551,0.437463
552,0.095849
554,0.945998
565,0.689732
579,0.619996
588,0.078230
589,0.028220
591,0.011350
593,0.415630
594,0.102192
609,0.180302
611,0.299053
615,0.186884
621,0.206849
629,0.158160
644,0.279562
657,0.186537
661,0.553171
664,0.088566
672,0.420218
685,0.993270
701,0.073329
712,0.129643
723,0.504550
726,0.057497
728,0.043211
736,0.175970
737,0.442095
738,0.314939
747,0.053579
764,0.295874
781,0.005477
794,1.842931
797,0.030211
815,0.083059
818,0.054452
824,0.179736
833,0.186374
839,0.126437
852,0.208278
853,0.060418
861,0.833429
862,0.206569
877,0.273626
885,0.243686
891,2.236445
893,0.013036
899,1.613309
901,0.136488
905,0.248878
913,0.161770
918,0.375295
919,0.369731
921,0.992003
937,0.587716
942,0.351226
943,0.082965
962,0.406178
963,0.472131
964,0.067164
969,0.714319
978,0.578227
984,0.105601
995,0.110334
998,0.178308
1001,0.030060
1007,0.035481
1010,0.169250
1011,0.157799
1034,0.057151
1035,0.092998
1047,1.123852
1048,0.154613
1053,0.018262
1056,0.129852
1070,0.790844
1077,0.120203
1085,0.130533
1088,0.573336
1089,0.102653
1091,0.231147
1092,0.163209
1108,0.571619
1119,0.413423
1127,0.322991
1129,0.136356
1134,0.281924
1137,0.094704
1141,0.334326
1145,1.637591
1152,0.942179
1154,1.032945
1168,0.326178
1175,0.958959
1187,0.046927
1189,0.254080
1192,0.349971
1194,1.207843
1208,0.300955
1210,0.315989
1242,0.177516
1256,0.232454
1267,0.195180
1290,0.747153
1295,0.649168
1301,0.210157
1311,0.194732
1313,0.016504
1316,0.008316
1330,0.046125
1346,1.332312
1349,0.168677
1350,1.567867
1367,0.006015
1376,1.742395
1387,0.443000
1408,0.521954
1410,0.340927
1422,0.274614
1427,0.548078
1437,0.328982
1444,0.055335
1452,0.058262
1456,0.171723
1473,1.256261
1479,0.151313
1489,0.090586
1491,0.367736
1499,0.151746
1506,0.043166
1530,0.141523
1534,0.047971
1539,0.523174
1543,0.083097
1547,0.056205
1549,0.298258
1553,0.210867
1568,1.343231
1587,0.454426
1602,0.170513
1619,0.462629
1624,0.242506
1628,0.452687
1631,3.895760
1638,0.380169
1639,0.563939
1647,0.064485
1660,0.032510
1661,2.579860
1662,0.019181
1663,0.012682
1670,0.442987
1671,0.384917
1675,0.090873
1684,0.150589
1689,0.198459
1690,1.113909
1694,0.056431
1697,0.204121
1726,0.028981
1735,0.224614
1745,0.012717
1760,0.355855
1765,3.116475
1773,0.249906
1782,0.060051
1796,1.746036
1805,0.131008
1806,0.059824
1810,0.225917
1811,0.147144
1812,0.165212
1823,0.046973
1827,0.046020
1832,0.035200
1836,0.084320
1850,0.527329
1854,0.166074
1857,0.720513
1860,0.178537
1862,0.096396
1871,0.020343
1874,0.025227
1880,0.589112
1882,0.038673
1883,0.064734
1901,0.714129
1903,0.016279
1906,0.028914
1908,0.151175
1913,0.051372
1917,0.181438
1932,0.198596
1933,0.456597
1946,0.350743
1949,0.291408
1961,0.150458
1968,0.220260
1972,0.021854
1982,0.326064
