4
9
14
27
31
34
35
38
40
41
46
49
54
58
60
61
67
69
70
72
74
75
78
80
86
92
97
105
108
111
112
120
121
122
124
129
130
137
139
141
148
151
153
155
161
170
171
173
185
186
187
203
211
215
218
221
228
229
231
237
241
260
263
265
273
274
276
278
280
281
287
288
292
293
294
298
304
305
312
314
320
328
344
345
348
349
353
354
355
356
369
370
373
374
376
388
390
393
401
402
404
407
408
412
413
418
424
428
431
436
442
453
456
457
461
463
469
471
472
474
479
489
490
498
510
517
528
532
539
543
546
548
553
558
565
577
579
584
585
587
589
593
598
604
605
608
609
611
613
621
623
648
650
653
657
661
663
664
673
675
678
685
686
695
701
716
724
726
728
729
730
736
737
747
775
776
780
787
791
806
807
815
816
818
819
820
824
825
837
838
848
854
855
861
862
867
870
877
882
888
891
901
903
905
906
912
915
916
921
922
926
932
943
946
949
952
961
963
971
972
975
977
978
979
980
984
992
995
998
1003
1004
1007
1010
1011
1014
1025
1028
1034
1035
1038
1043
1045
1047
1048
1049
1052
1059
1060
1066
1072
1088
1091
1092
1096
1102
1106
1114
1115
1121
1129
1133
1135
1141
1145
1149
1150
1154
1173
1175
1176
1177
1179
1186
1191
1192
1193
1194
1197
1200
1219
1225
1226
1228
1235
1239
1242
1244
1247
1254
1256
1263
1266
1271
1273
1279
1282
1284
1287
1290
1291
1292
1295
1297
1306
1310
1312
1315
1319
1321
1330
1336
1344
1349
1350
1358
1396
1404
1408
1410
1414
1415
1424
1427
1430
1432
1435
1437
1441
1452
1456
1461
1466
1474
1477
1485
1488
1489
1491
1494
1496
1497
1499
1508
1515
1516
1518
1522
1524
1530
1534
1542
1553
1564
1576
1577
1582
1583
1584
1587
1588
1591
1594
1602
1605
1608
1614
1617
1624
1625
1627
1628
1629
1631
1642
1645
1647
1655
1656
1662
1663
1667
1671
1673
1682
1689
1690
1699
1702
1723
1726
1727
1735
1738
1741
1743
1745
1759
1760
1767
1768
1773
1775
1782
1791
1793
1794
1806
1807
1810
1811
1813
1815
1817
1819
1833
1844
1845
1847
1850
1852
1857
1870
1876
1879
1901
1906
1908
1909
1910
1914
1915
1931
1932
1933
1939
1944
1945
1946
1947
1948
1949
1954
1961
1968
1970
1972
1977
1979
1981
1982
1986
1990
1992
